3 0.47438928281250003 0.465540540625 0.463882321875 0.477702703125 0.45547675312499997 0.4956081078125 0.45153664375 0.5070945953125 0.44812188124999996 0.528716215625 0.4483845546875 0.5452702703125001 0.45074862031249996 0.558783784375 0.46046755937499995 0.5760135140625 0.4665090625 0.5847972968749999 0.477278696875 0.5952702703125 0.48489624375 0.600675675 0.4946151828125 0.6043918921875 0.50512214375 0.6060810812499999 0.5179931703125 0.6054054046874999 0.5263987390625 0.602364865625 0.5340162859375 0.597297296875 0.5450485953124999 0.5858108109375 0.55187811875 0.5760135140625 0.5592329921875 0.5604729734375 0.564486471875 0.5449324328125 0.5655371687499999 0.534121621875 0.5652744937499999 0.5199324328125 0.5631731015625 0.5070945953125 0.559495665625 0.496283784375 0.5516154453125 0.48141891875000004 0.54531126875 0.47398648593750003 0.5369056999999999 0.466216215625 0.52508536875 0.459797296875 0.51011295 0.45608108124999996 0.5019700546875 0.45574324375 0.49146309375 0.4570945953125 0.47938008906249996 0.461824325 0.47438928281250003 0.465540540625
3 0.80703125 0.69140625 0.25625 0.18046875
3 0.540625 0.83046875 0.16171875 0.11015625
3 0.64609375 0.8140625 0.0765625 0.09140625
3 0.7421875 0.8515625 0.1078125 0.125
3 0.93828125 0.88125 0.12265625 0.22109375
3 0.21875 0.653125 0.21953125 0.1703125
3 0.16328125 0.42734375 0.17734375 0.13828125
3 0.27734375 0.26015625 0.18671875 0.17578125
3 0.415625 0.1828125 0.1296875 0.17265625
3 0.64375 0.2125 0.28359375 0.2703125