3 0.8500712343749999 0.020335775 0.721444371875 0.0363967484375 0.6990936109375 0.0512229640625 0.6130652249999999 0.0629772078125 0.5622013765625 0.0637042984375 0.4418398859375 0.083344909375 0.23657489843750001 0.09888955625 0.1767365046875 0.110316825 0.1659523703125 0.13365328125 0.170476303125 0.15136644999999999 0.20079898125 0.15282929375 0.5218770578124999 0.1174246078125 0.7282424640625 0.1035234953125 0.9690877015625 0.075381303125 0.9800499468750001 0.06875658125 0.9845293671875 0.028397778125000002 0.9517989328124999 0.018881590625 0.8500712343749999 0.020335775
3 0.1376348625 0.1768196984375 0.1261660265625 0.196942228125 0.129858528125 0.2177961796875 0.147220703125 0.2218146703125 0.6375433312500001 0.2025270140625 0.6900700421875 0.1955183546875 0.9361239171875001 0.1883032546875 0.949231146875 0.1793928984375 0.9553201515625 0.162191725 0.94597883125 0.1394748140625 0.9177347296875 0.130160009375 0.839311484375 0.12478622187499999 0.691121609375 0.1335416375 0.679261525 0.1377408171875 0.67676723125 0.14716317031249998 0.6622905953125 0.14964567499999998 0.16052360000000002 0.171562121875 0.1376348625 0.1768196984375
3 0.370312434375 0.2723383734375 0.9030868109375 0.25509869687500003 0.918957321875 0.2415503046875 0.9242148953125 0.2274899171875 0.9163897078125001 0.20484614843750001 0.889661740625 0.1956044859375 0.7021991140625 0.19610349062500002 0.6427764359375 0.20596036718750002 0.108070209375 0.22469729218749998 0.09731054375 0.23054000624999998 0.089289690625 0.2492384296875 0.096014459375 0.270238665625 0.370312434375 0.2723383734375
3 0.1479053203125 0.3236363296875 0.865207846875 0.334384134375 0.8807849015625001 0.3335451640625 0.8938921328125 0.32463480625 0.9031601328125 0.3012252078125 0.891471246875 0.2815759375 0.8473811031249999 0.26831578437500003 0.6801906609375 0.2618405359375 0.48333777343750006 0.274610109375 0.09904672656249999 0.27038495 0.08249151406250001 0.280719415625 0.07625578125 0.304275296875 0.081195428125 0.320418071875 0.1479053203125 0.3236363296875
3 0.0966990765625 0.3720603234375 0.8489704734375 0.41312316875 0.8685579546875 0.4029349890625 0.8778259546875 0.379525390625 0.8702697546874999 0.3616659375 0.8152976875 0.34310947187499996 0.61558373125 0.331884309375 0.5944801140625 0.34199935 0.08422769687500001 0.32056435625 0.067403496875 0.326114503125 0.05688835 0.354235278125 0.059627159375 0.3670909859375 0.0966990765625 0.3720603234375
3 0.522781553125 0.45623352968750003 0.5736454015625 0.4555064390625 0.5901761453125001 0.4626657140625 0.5816173171875 0.471795496875 0.58836655625 0.4753019921875 0.7038617203124999 0.48564511875000005 0.7872490828125 0.48966793906249995 0.8226826062500001 0.48342510625 0.849997484375 0.467247925 0.86271346875 0.44241421875000003 0.8566734031250001 0.4246279109375 0.8408273609375 0.42068256093749995 0.6230665234375 0.4022249828125 0.06982438125 0.369173371875 0.058795728125 0.37023176874999997 0.0487207671875 0.3792884109375 0.041922590625 0.41076939687499997 0.0580376203125 0.4194990640625 0.522781553125 0.45623352968750003
3 0.0317009 0.42618075 0.024511478125 0.4417383859375 0.023239860937500002 0.46394330312500004 0.053831526562499996 0.470190465625 0.511655025 0.5272668890625 0.6461752234375 0.5353469375000001 0.7845346546874999 0.557926225 0.8141726296874999 0.5561751421875 0.828942721875 0.5409832156250001 0.833931309375 0.5221385093750001 0.8225114093749999 0.5072735578125 0.5924992421875 0.4770918125 0.5694882453125001 0.471210359375 0.5546203640625 0.457769515625 0.4458744390625 0.45093288593749997 0.441595025 0.455497778125 0.41085663125 0.45560532656249997 0.0459085484375 0.41891392656250004 0.0317009 0.42618075
3 0 0.5131639296875 0.0518262703125 0.5241689390625 0.7090458 0.622673684375 0.7772718249999999 0.6259650828125001 0.79465846875 0.6124898328125 0.8024103374999999 0.5890070921875 0.791137165625 0.56778743125 0.7637244953125 0.555331840625 0.5807124796875 0.527417503125 0.5494116421874999 0.5354501546875 0.43792690624999997 0.51575781875 0.049698840625000004 0.46840064843749996 0.0083475109375 0.4679962 0 0.48058183281250005 0 0.5131639296875
3 0 0.563338940625 0.0094478421875 0.5682474671875 0.4184615984375 0.6356927625 0.47191753125 0.6541760875 0.510652309375 0.6528638578125 0.532685146875 0.6682408046874999 0.6641486109375 0.6936683078125 0.735406903125 0.6971059890625 0.780768659375 0.6881612265625 0.7966391703125 0.674612834375 0.8031438906249999 0.6558412703125 0.7993046625 0.6413420296875 0.767612578125 0.6334513328125 0.513635725 0.5893898906249999 0.067403325 0.5233299671875 0.0162704875 0.5192727421875001 0.0066112406250000005 0.526758990625 0 0.5401742859375 0 0.563338940625
3 0 0.6193211625 0.37261071874999996 0.6986891390625 0.388725746875 0.70741880625 0.448539671875 0.7134852781250001 0.62394655 0.7585276453125 0.7182158390625 0.7678467796875 0.745115003125 0.7532399921875 0.7554834203125 0.7314739265625 0.75205990625 0.7154042953124999 0.740762265625 0.7116783718749999 0.0755952890625 0.5793908265625001 0 0.5693102109375 0 0.6193211625
3 0 0.6745868890625 0.01108615 0.678067371875 0.6942755375 0.8350810750000001 0.709436875 0.8358124968749999 0.7268235187500001 0.822337246875 0.7365072359375 0.79735725625 0.73293699375 0.787642334375 0.7067714703125 0.7704755703124999 0.6103013453125 0.757869365625 0.45900588124999997 0.7203519843749999 0.3776970953125 0.708477203125 0.345736025 0.6958021875 0.032801146875 0.6250397484375 0 0.6200081015625 0 0.6745868890625
3 0 0.769510440625 0.00516825625 0.7700278234375 0.3212576625 0.8520755765624999 0.386842665625 0.8711440390625 0.403911384375 0.8878719515625001 0.5598494609375 0.92554358125 0.670914121875 0.913216521875 0.67238934375 0.9119571484375 0.681241628125 0.8901179421875 0.6780871015625001 0.8788326281250001 0.6656890421874999 0.8734631734375 0 0.7164259984375 0 0.769510440625