1 0.4520724734375 0.16332342187499999 0.49439667500000006 0.1593037796875 0.8756466749999999 0.1370984953125 0.88740438125 0.12708645937500002 0.8879703093750001 0.08508096875 0.8618179125 0.081940559375 0.6003336078125 0.1033884375 0.42771631406250005 0.10411502187499999 0.3664275 0.129448221875 0.32646688125 0.1597573484375 0.275217446875 0.21248750625 0.2355111078125 0.275427121875 0.19408644218749999 0.37577573124999997 0.174810178125 0.47172526875000004 0.186489971875 0.4803722265625 0.2100641734375 0.477444646875 0.216860978125 0.47083062656249997 0.252660359375 0.3459370421875 0.286526803125 0.2786739484375 0.321877834375 0.22997884218750003 0.35572515312499997 0.1984712375 0.385353865625 0.1796456421875 0.4520724734375 0.16332342187499999
1 0.35938491875 0.8496095312499999 0.52032241875 0.840235990625 0.5443067234375001 0.8326209109375 0.67487321875 0.8327889687500001 0.825283321875 0.8193649640625 0.8343452546875 0.7690919484375 0.830341259375 0.7615524640625 0.5476654609375 0.776461915625 0.34549736875 0.7773551000000001 0.29409069374999997 0.7430402843749999 0.25315262656250004 0.6956794375 0.2313746625 0.6425390265625001 0.22127649218749998 0.5980455734375 0.21324796250000003 0.49435913125 0.207408065625 0.49003565312499997 0.18213466250000002 0.4946167375 0.173091853125 0.5091342640625001 0.1774485796875 0.619252715625 0.20076992031250002 0.7080576109375001 0.23422767812499998 0.7698449796875 0.27985324375 0.8169328109375 0.31387692968750003 0.8367146890624999 0.332080125 0.8418726265625001 0.3443846359375 0.825610590625 0.349130925 0.84243406875 0.35938491875 0.8496095312499999
1 0.3176634765625 0.6157497421875 0.2786406421875 0.6708768578125001 0.26008613125 0.687502915625 0.2575667234375 0.6985314218750001 0.305497084375 0.7548122421875 0.335106671875 0.7717421375 0.3446183734375 0.76963360625 0.3434263109375 0.7121851265625 0.35809298749999996 0.5978496109375 0.3513740953125 0.5858046375 0.3392841984375 0.5818451796875 0.32766319374999997 0.590294715625 0.3176634765625 0.6157497421875
1 0.2740855921875 0.296498484375 0.24912525625 0.35080655312500003 0.234086725 0.3983185890625 0.2285598953125 0.4437220953125 0.2323492765625 0.4714830734375 0.3100641734375 0.4716203109375 0.318423478125 0.46491528437499996 0.31775909687500004 0.4369722953125 0.335981415625 0.4063747421875 0.3385787359375 0.3766872421875 0.332347859375 0.3412957734375 0.295159509375 0.268843921875 0.2740855921875 0.296498484375
1 0.3959046375 0.52102950625 0.38170685312499997 0.647774015625 0.373290178125 0.7617455109375 0.37715747187500004 0.7708474953125 0.797606671875 0.7448045796875 0.83315319375 0.71164346875 0.85631445625 0.4646774640625 0.8506112609375001 0.458791484375 0.8226229625 0.4588670796875 0.40869716250000004 0.4814209734375 0.3959046375 0.52102950625
1 0.35435814374999997 0.2140962375 0.3002571125 0.26388340625 0.29732760156250004 0.2795994109375 0.3045153859375 0.3040533796875 0.3353361578125 0.34267626406249996 0.3458635546875 0.3467267265625 0.3550239421875 0.3664021890625 0.3720159515625 0.3498671375 0.37271858125 0.3062991484375 0.38799085 0.20281012656250003 0.379025953125 0.1986686578125 0.35435814374999997 0.2140962375
1 0.2290096625 0.4918865796875 0.21934213749999998 0.5313131 0.218776209375 0.5733185890625 0.2276440703125 0.6318745421874999 0.2374100484375 0.6623965 0.25539863125 0.68777593125 0.2963940703125 0.6278703109375 0.33955760156250003 0.5787201796875 0.32764265312499996 0.5016872421875 0.31324796250000003 0.4885347953125 0.2290096625 0.4918865796875
1 0.4785570609375 0.1804353265625 0.4359212109375 0.2590909484375 0.4208635546875 0.3423584734375 0.42141177656249995 0.4604714375 0.8538141734375 0.4399504796875 0.86102108125 0.42864895937499997 0.8674460296875001 0.355211459375 0.8715265203125 0.21972898437500002 0.8794948437500001 0.18195596875 0.8764477562499999 0.163478984375 0.8661937625 0.15630352187500002 0.4785570609375 0.1804353265625
1 0.3322713640625 0.48431773125 0.32723255 0.5063747421875 0.338346415625 0.5570271890625 0.3545770078125 0.5669636312499999 0.36481046250000004 0.485531621875 0.3322713640625 0.48431773125
1 0.39131275625 0.3425250734375 0.38484814218749996 0.363110590625 0.377525075 0.46458208437500004 0.396138375 0.465052521875 0.415160359375 0.3364724953125 0.39131275625 0.3425250734375
1 0.3649485796875 0.608332084375 0.360729971875 0.6210140953125001 0.34971597656250003 0.764673090625 0.36989177500000003 0.7650525218750001 0.3875658734375 0.61634200625 0.3649485796875 0.608332084375
1 0.34494631249999996 0.41051621093749996 0.33357958593750003 0.4515962375 0.341450875 0.46823770624999994 0.3647516734375 0.46843512656249997 0.3732271375 0.37156012656250004 0.34494631249999996 0.41051621093749996
1 0.380378090625 0.5918880375 0.38867860625 0.568086515625 0.392525359375 0.4885810265625 0.4014314671875 0.475626 0.3744588640625 0.48186059062500003 0.36674481718749996 0.5522640953125 0.3652998953125 0.586548090625 0.380378090625 0.5918880375
1 0.396877834375 0.22561059062500002 0.40428023125 0.2298430640625 0.40359672656249995 0.2376555640625 0.3957842265625 0.238110590625 0.3927180140625 0.2553890953125 0.3874454625 0.33342309062500003 0.396410359375 0.3375645578125 0.405043065625 0.32773453125 0.40396858125 0.3044790421875 0.41553079843749996 0.2789330109375 0.42263925156250004 0.19768301093750001 0.415920359375 0.18563803750000002 0.40158445781249996 0.189582084375 0.396877834375 0.22561059062500002