3 0.49387441093750006 0.366665434375 0.49819143749999995 0.383946290625 0.5080306703125 0.3934161578125 0.5546305125 0.379571615625 0.5451344078125 0.3528482515625 0.528391996875 0.3496125875 0.5059549734375001 0.35575558281249997 0.49387441093750006 0.366665434375
3 0.6350549125 0.3267085984375 0.6336756343750001 0.33924996093750004 0.6543902515625 0.36290182656250003 0.6830408125 0.35679531249999996 0.690978453125 0.3411550890625 0.691321578125 0.32390159218750003 0.6799289625 0.3144226046875 0.6612883484375 0.31431315937500004 0.6350549125 0.3267085984375
3 0.743798609375 0.38381965 0.7619186078125 0.360395796875 0.764851271875 0.34786355156250004 0.7211824 0.3350576953125 0.70012804375 0.3568956375 0.69840394375 0.37257234375000003 0.743798609375 0.38381965
3 0.404809178125 0.3284941125 0.4317356390625 0.3380643046875 0.4536554328125 0.3366243203125 0.47280989062499995 0.30379444218749996 0.4615896828125 0.29274778437500004 0.43259260624999996 0.287871484375 0.41533466093750004 0.3034569875 0.404809178125 0.3284941125
3 0.110709040625 0.3879459828125 0.12451709062500001 0.3895957375 0.15886226718750002 0.3741105609375 0.163003496875 0.364722778125 0.14556805781249998 0.3395214859375 0.11795195624999999 0.33622197656249997 0.0927546765625 0.3533295453125 0.110709040625 0.3879459828125
3 0.300389284375 0.345136540625 0.288308721875 0.3560463921875 0.2915895953125 0.368615115625 0.3126490328125 0.3891316421875 0.35251810781250004 0.379953628125 0.35976610625 0.3705840875 0.3490614359375 0.3407162625 0.3311104625 0.334336134375 0.300389284375 0.345136540625
3 0.1159321640625 0.76446053125 0.05517945 0.7797906609374999 0.047414221875 0.7938632140624999 0.053112223437499995 0.8127208625 0.061570481249999996 0.8206139374999999 0.07244417343750001 0.82067778125 0.1397552453125 0.8022487921874999 0.1435516546875 0.7959963515624999 0.1361261640625 0.7645790984375 0.1159321640625 0.76446053125
3 0.1990693859375 0.3053245859375 0.19769010468749998 0.3178659515625 0.21357215937500001 0.343058125 0.2682837453125 0.32612384375 0.307978715625 0.304395346875 0.3124647640625 0.2918722234375 0.307802915625 0.27772670625 0.285019378125 0.27288688906249997 0.1990693859375 0.3053245859375
3 0.176700125 0.8761938015625 0.19551484375 0.8888537328125 0.21139351093749997 0.8858095953125 0.279044321875 0.8218908 0.2662690359375 0.796716865625 0.257465959375 0.7919591328125 0.17393648281250002 0.8589220640624999 0.176700125 0.8761938015625
3 0.6158885984375 0.2607113859375 0.6172712671875 0.27640633281250004 0.8338847515625 0.299639703125 0.85442356875 0.2966229265625 0.8633973625 0.2856948359375 0.8589079265624999 0.2699816484375 0.8438913093749999 0.26518743125 0.6321103906250001 0.2404137515625 0.6158885984375 0.2607113859375
3 0.32304954218750004 0.7609705390625 0.31511359843750003 0.79072891875 0.32978539218749997 0.798658475 0.64512585 0.8287462343750001 0.663938875 0.8272880109375 0.673947128125 0.8069538953125001 0.672564459375 0.7912589484375 0.3332319 0.753186909375 0.32304954218750004 0.7609705390625
3 0 0.7042182234375 0.740558396875 0.71008665625 0.94577756875 0.709722884375 0.950954953125 0.7050472328125 0.9761200437499999 0.41969470937500003 0.07584663281250001 0.408134171875 0.0150922234375 0.4093461453125 0.004909865625 0.417129775 0 0.45591293125 0 0.7042182234375