3 0.5015625 0.425 0.5125 0.434375 0.5578125 0.4203125 0.5453125 0.39375 0.528125 0.390625 0.50625 0.396875 0.4953125 0.4078125 0.5015625 0.425
3 0.65625 0.403125 0.684375 0.396875 0.690625 0.38125 0.6890625 0.3640625 0.6765625 0.3546875 0.6578125 0.3546875 0.6328125 0.3671875 0.6328125 0.3796875 0.65625 0.403125
3 0.7484375 0.4234375 0.7640625 0.4 0.765625 0.3875 0.7203125 0.375 0.7015625 0.396875 0.7015625 0.4125 0.7484375 0.4234375
3 0.4296875 0.3796875 0.4515625 0.378125 0.4671875 0.3453125 0.4546875 0.334375 0.425 0.3296875 0.409375 0.3453125 0.4015625 0.3703125 0.4296875 0.3796875
3 0.1265625 0.4328125 0.159375 0.4171875 0.1625 0.4078125 0.1421875 0.3828125 0.1140625 0.3796875 0.090625 0.396875 0.1125 0.43125 0.1265625 0.4328125
3 0.2921875 0.4109375 0.315625 0.43125 0.3546875 0.421875 0.3609375 0.4125 0.346875 0.3828125 0.328125 0.3765625 0.2984375 0.3875 0.2875 0.3984375 0.2921875 0.4109375
3 0.1015625 0.8546875 0.1109375 0.8625 0.121875 0.8625 0.1875 0.84375 0.190625 0.8375 0.1796875 0.80625 0.159375 0.80625 0.1 0.821875 0.09375 0.8359375 0.1015625 0.8546875
3 0.2109375 0.3859375 0.2640625 0.36875 0.3015625 0.346875 0.3046875 0.334375 0.2984375 0.3203125 0.275 0.315625 0.1921875 0.3484375 0.1921875 0.3609375 0.2109375 0.3859375
3 0.253125 0.9296875 0.26875 0.9265625 0.3296875 0.8625 0.3140625 0.8375 0.3046875 0.8328125 0.228125 0.9 0.2328125 0.9171875 0.253125 0.9296875
3 0.8296875 0.3390625 0.85 0.3359375 0.8578125 0.325 0.8515625 0.309375 0.8359375 0.3046875 0.6203125 0.28125 0.60625 0.3015625 0.609375 0.3171875 0.8296875 0.3390625
3 0.378125 0.8390625 0.6984375 0.8671875 0.7171875 0.865625 0.725 0.8453125 0.721875 0.8296875 0.3765625 0.79375 0.3671875 0.8015625 0.3625 0.83125 0.378125 0.8390625
3 0.0046875 0.740625 0.0125 0.746875 0.78125 0.7484375 0.9875 0.746875 0.9921875 0.7421875 0.9859375 0.4578125 0.0796875 0.4515625 0.01875 0.453125 0.009375 0.4609375 0.0046875 0.740625