0 0.432848003125 0.0341813 0.3940126203125 0.27290284374999996 0.3970804265625 0.2846051859375 0.47490896562499996 0.32224990781249996 0.48025245468750005 0.3187034 0.51984930625 0.0533733765625 0.506361471875 0.036222253125 0.47108393125000003 0.025290023437499996 0.432848003125 0.0341813
0 0.7332476125 0.1933780859375 0.687926415625 0.1959811296875 0.6757646078125 0.1806976078125 0.6648894453125 0.1782985984375 0.6464344953125 0.1836780375 0.6435154921875 0.1924846328125 0.6056604203125 0.467649396875 0.63665355 0.496537534375 0.6896245750000001 0.52869880625 0.70031155 0.5216057890625 0.7437770609375 0.2303527171875 0.740976203125 0.2061085765625 0.7332476125 0.1933780859375
0 0.35530859062500003 0.6612864984375 0.3069983515625 0.630153375 0.21582205937499999 0.66044305625 0.17850088749999998 0.9105242265625 0.3462891140625 0.9475375171874999 0.3682844578125 0.8216574781249999 0.3854527625 0.8033935265625001 0.39709811875 0.7146074703124999 0.35530859062500003 0.6612864984375
0 1 0.7432097546875001 0.9776348078125 0.674136953125 0.9692235124999999 0.6659811203125 0.9505803765625 0.66186853125 0.8602049328125 0.654532821875 0.8151506875000001 0.64459406875 0.7907089265625 0.647077759375 0.7744508921875 0.659242171875 0.780389596875 0.7377314171875 0.7442062671875 0.9801881625 0.745407346875 0.98495995625 0.964410834375 0.9798625937500001 1 0.7599021515625 1 0.7432097546875001
0 0.41473028593750005 0.6287171609375 0.43043248749999996 0.5235000828125 0.47674271875 0.49276367343749994 0.4766726796875 0.4502209125 0.494383609375 0.34229677812500003 0.4762349921875 0.324117509375 0.40087032031250003 0.2807159625 0.35297583593750004 0.25754998125 0.3234575359375 0.25103838437500003 0.29344471875 0.25859346875 0.2805214421875 0.269918425 0.262749196875 0.270723209375 0.254941840625 0.2800265421875 0.2187191296875 0.5335002 0.23929223125000001 0.5569395578125 0.3937720859375 0.6508703359375 0.40040222031250006 0.660208340625 0.41473028593750005 0.6287171609375
0 0.402423915625 0.281058678125 0.4217672046875 0.1514434375 0.42416103281249995 0.10314385 0.4157497375 0.094988015625 0.37372391562499996 0.1077685171875 0.35032378125 0.25381477812500003 0.402423915625 0.281058678125
0 0.6989461421875001 0.5307550984375 0.6800754375 0.528167396875 0.67450438125 0.533238790625 0.6662331640625 0.6101684828125 0.7029855375 0.64347725 0.716206421875 0.6731701718750001 0.7500791718750001 0.704268625 0.771470575 0.5609294171875 0.7530943890625 0.54427503125 0.6989461421875001 0.5307550984375
0 0.778875384375 0.7263717890625 0.703134340625 0.663986190625 0.6541720546875001 0.690987396875 0.6297128453124999 0.8226242609375 0.7078389921875 0.901286859375 0.71067923125 0.9145140890624999 0.6989560765625 0.986041121875 0.7452862062500001 0.984962775 0.78527795 0.737234678125 0.778875384375 0.7263717890625
0 0.7093925859375 0.901629575 0.6412313296875001 0.831465528125 0.6203912765624999 0.8205679671875 0.4655088765625 0.9013828921875 0.44292704374999997 0.8806505921875001 0.43565358749999994 0.86487033125 0.391360809375 0.8283230984375001 0.372700225 0.9533636828125 0.5378334515625001 0.9897912921875 0.7048394625000001 0.9859041843749999 0.7094232421875 0.9551892499999999 0.7093925859375 0.901629575
0 0.610575190625 0.8325783546875 0.6306231171875 0.8165247203125 0.636688690625 0.79738664375 0.6602770125 0.6608324078125001 0.6727845328125001 0.6415403093750001 0.6693797359375 0.5998370000000001 0.6789769796875 0.5247749109375001 0.6626095249999999 0.5054134718750001 0.6218396890625 0.4775188109375 0.5810304734375 0.4606410625 0.486974559375 0.488720428125 0.436913815625 0.5123291484375 0.42508899843750003 0.527046590625 0.382721946875 0.8216921484374999 0.3944286171875 0.8400254421875 0.46194654999999996 0.9037472328125 0.4828259859375 0.90362788125 0.5518362 0.8605730390625 0.610575190625 0.8325783546875
0 0.26990026562499997 0.6314202265625 0.33193463125 0.6136030015625 0.322424878125 0.6020546812500001 0.231751828125 0.55370109375 0.1510349421875 0.5784226421875001 0.11284288281249999 0.8235864421875 0.09616036875 0.8923602984375 0.18316167187500002 0.911552375 0.2176032203125 0.6592608875 0.2271917390625 0.648775384375 0.25208863593749997 0.6432419234375 0.26990026562499997 0.6314202265625