0 0.9120720953125 0.2544042796875 0.6738652484375 0.2925161625 0.6645544015625 0.2989737953125 0.666949009375 0.3824823578125 0.6727565578125 0.3863162609375 0.9358166593749999 0.34066335468750003 0.945183115625 0.3228985921875 0.9384545640624999 0.2869460109375 0.9120720953125 0.2544042796875
0 0.908523590625 0.5810330968749999 0.8845565921875 0.54000254375 0.8928352171875 0.5240404937500001 0.8898671468750001 0.5132581093749999 0.8761319984375 0.4978886 0.86663695 0.49792249843749997 0.59535383125 0.548230321875 0.583516296875 0.5857910390625001 0.5791267453125 0.6446541515625 0.5907418421874999 0.65232195625 0.87950321875 0.6022087093749999 0.9004847734375 0.5921117515625001 0.908523590625 0.5810330968749999
0 0.181519884375 0.4489732328125 0.2687825765625 0.43221525625 0.29796977343750003 0.3771182515625 0.30363135625000004 0.3228761609375 0.23235594375000002 0.24809370312499998 0.0281340171875 0.28353550625 0.045173971875 0.455264684375 0.1565380390625 0.4387833875 0.181519884375 0.4489732328125
0 0.5264303031249999 1 0.5823450265625 0.955583290625 0.585848325 0.94529175625 0.580760203125 0.9268076687500001 0.5444969109375 0.841107234375 0.53220061875 0.7964373578124999 0.5182812703125 0.7746441125 0.49934678281249995 0.7634047765624999 0.42993075000000003 0.7932048015625 0.18954824374999998 0.8349221124999999 0.1735262171875 0.8457722921874999 0.1828544390625 0.8796597859374999 0.24212013593749998 1 0.5264303031249999 1
0 0.35622946718750004 0.421881015625 0.46054640312500006 0.4037772765625 0.510878496875 0.43700443437500003 0.5500021281249999 0.4237590015625 0.657766753125 0.40667085781249995 0.6658611796875 0.384285071875 0.669937940625 0.30126735781249997 0.6684643343750001 0.2498774734375 0.66040814375 0.22061100156250002 0.63916940625 0.19524622656249999 0.6225947781250001 0.1868251984375 0.6133951468750001 0.170668571875 0.6011162296875 0.1663438203125 0.35057485625 0.21143808281249998 0.33879293125 0.23769166875 0.32586408125 0.409397609375 0.3204249328125 0.41841117812500006 0.35622946718750004 0.421881015625
0 0.67036195 0.3028076984375 0.798868321875 0.2805059921875 0.8444633218750001 0.26775140625 0.8479666203124999 0.2574598703125 0.8162006125 0.22262457656249998 0.6706399937499999 0.246272046875 0.67036195 0.3028076984375
0 0.5816708046875 0.6538961953125 0.5750708437500001 0.6356744796875 0.5677514546875 0.6321029515625 0.49300749218749995 0.6483022828125 0.4798423203125 0.6925491078125 0.45880515624999996 0.713953196875 0.446303803125 0.7548569671875 0.5884167296875 0.730193903125 0.5949993171875 0.708070490625 0.5816708046875 0.6538961953125
0 0.4610364234375 0.6990406375 0.4128799890625 0.662208053125 0.280077909375 0.680413484375 0.24486072656250002 0.7769051078125 0.2340380390625 0.7836251125 0.12476157343750001 0.80097563125 0.128153653125 0.81329835625 0.1703183375 0.8398733015625 0.4327146203125 0.79756345 0.43966560781249997 0.788287509375 0.4610364234375 0.6990406375
0 0.137040490625 0.80530038125 0.1960022375 0.7950678328125 0.24528473593750003 0.7784454484375 0.27742262968750003 0.6937857000000001 0.2775338484375 0.6711714390625 0.12943265625 0.5532343531249999 0.1377668921875 0.5259651734374999 0.1488293890625 0.514361771875 0.16138634999999998 0.46215087187500004 0.0478130109375 0.481861015625 0.053953428125 0.54374433125 0.1251855828125 0.8025159703125 0.137040490625 0.80530038125
0 0.261807240625 0.6658310937499999 0.2861252671875 0.6793639921875 0.306627203125 0.6790338234375 0.4435407921875 0.658500934375 0.467250609375 0.6640697546875 0.5040143796875001 0.6480060125 0.5776705125 0.63360939375 0.5877007890625 0.612501575 0.5939705843749999 0.5662235609375 0.590081509375 0.5233225 0.519469915625 0.4451969875 0.4739131515625 0.4062993140625 0.454738853125 0.399943375 0.163377809375 0.45212170937499996 0.152075503125 0.468608503125 0.12556095625000002 0.55067841875 0.13560860624999999 0.569915728125 0.20808306718749997 0.6202812109375 0.261807240625 0.6658310937499999
0 0.24850656093749998 0.254974390625 0.2654495890625 0.2762428890625 0.2848080875 0.289022565625 0.330733253125 0.3407677078125 0.3368362203125 0.3284110859375 0.3381847203125 0.2297275921875 0.277012565625 0.1628753125 0.0331823703125 0.203577028125 0.0203060328125 0.204644828125 0.0285520234375 0.2877481796875 0.2342917921875 0.249371671875 0.24850656093749998 0.254974390625
0 0.24449366718749999 1 0.2444123703125 0.9997046640624999 0.20973389999999997 0.9427798546874999 0.18969420937499998 0.8929981046875 0.175959059375 0.877628596875 0.167478859375 0.8468217843750001 0.12984969375 0.8194597187499999 0.1795470765625 1 0.24449366718749999 1