0 0.321875 0.33125 0.403125 0.3515625 0.4078125 0.346875 0.4078125 0.075 0.3921875 0.0609375 0.35625 0.0578125 0.3203125 0.075 0.3171875 0.3203125 0.321875 0.33125
0 0.5515625 0.4671875 0.5859375 0.4890625 0.6421875 0.509375 0.6515625 0.5 0.6515625 0.2015625 0.6453125 0.178125 0.6359375 0.1671875 0.5921875 0.1796875 0.578125 0.1671875 0.5671875 0.1671875 0.55 0.1765625 0.5484375 0.1859375 0.5515625 0.4671875
0 0.36875 1 0.371875 0.8703125 0.3859375 0.8484375 0.384375 0.7578125 0.3359375 0.7140625 0.284375 0.69375 0.2 0.74375 0.2 1 0.36875 1
0 0.7578125 0.6046875 0.74375 0.6203125 0.7609375 0.696875 0.7609375 0.9453125 0.76875 0.9640625 0.803125 0.9640625 0.9640625 0.93125 0.975 0.921875 0.978125 0.659375 0.94375 0.590625 0.934375 0.584375 0.915625 0.584375 0.8265625 0.596875 0.78125 0.596875 0.7578125 0.6046875
0 0.1890625 0.346875 0.1828125 0.3578125 0.184375 0.6171875 0.2078125 0.6359375 0.371875 0.6953125 0.3796875 0.703125 0.3890625 0.66875 0.3890625 0.5609375 0.4296875 0.5203125 0.4234375 0.478125 0.425 0.3671875 0.4046875 0.353125 0.325 0.3265625 0.275 0.3140625 0.2453125 0.3140625 0.2171875 0.328125 0.20625 0.3421875 0.1890625 0.346875
0 0.3265625 0.3265625 0.3265625 0.19375 0.321875 0.1453125 0.3125 0.1390625 0.2734375 0.1609375 0.271875 0.3109375 0.3265625 0.3265625
0 0.63125 0.5953125 0.671875 0.6203125 0.6890625 0.646875 0.7265625 0.6703125 0.7265625 0.5234375 0.70625 0.5109375 0.6515625 0.509375 0.6328125 0.5109375 0.628125 0.5171875 0.63125 0.5953125
0 0.7296875 1 0.7625 0.965625 0.765625 0.6953125 0.7578125 0.6859375 0.675 0.640625 0.63125 0.678125 0.6265625 0.8140625 0.7140625 0.875 0.71875 0.8875 0.7171875 1 0.7296875 1
0 0.71875 1 0.7234375 0.9890625 0.7234375 0.928125 0.715625 0.875 0.6390625 0.8203125 0.6171875 0.8140625 0.478125 0.928125 0.453125 0.9125 0.44375 0.8984375 0.3953125 0.871875 0.3953125 1 0.71875 1
0 0.384375 0.565625 0.3859375 0.8671875 0.4 0.8828125 0.475 0.93125 0.4953125 0.9265625 0.55625 0.86875 0.609375 0.828125 0.6265625 0.8078125 0.6296875 0.7875 0.6328125 0.646875 0.6421875 0.625 0.6328125 0.584375 0.63125 0.5078125 0.6125 0.4921875 0.56875 0.4734375 0.5265625 0.465625 0.4390625 0.5140625 0.39375 0.5484375 0.384375 0.565625
0 0.2046875 1 0.2015625 0.7421875 0.209375 0.7296875 0.2328125 0.71875 0.2484375 0.703125 0.30625 0.671875 0.2953125 0.6625 0.2 0.634375 0.125 0.6765625 0.1234375 0.928125 0.1171875 1 0.2046875 1
0 0.9640625 1 0.9625 0.9359375 0.9296875 0.9359375 0.86875 0.9546875 0.8171875 0.9609375 0.8 0.9703125 0.76875 0.9703125 0.7359375 1 0.9640625 1