0 0.06875 0.45625 0.05625 0.4046875 0.0453125 0.3875 0 0.3671875 0.0015625 0.5671875 0.05 0.5265625 0.0671875 0.490625 0.06875 0.45625
0 1 0.125 0.9109375 0.1140625 0.8265625 0.1125 0.76875 0.1234375 0.7609375 0.1359375 0.765625 0.1578125 0.796875 0.1765625 0.875 0.1953125 0.8796875 0.225 0.865625 0.2875 0.9265625 0.2984375 0.925 0.2375 0.9328125 0.2078125 0.9453125 0.2015625 1 0.203125 1 0.125
0 0.2671875 0.2796875 0.278125 0.290625 0.3828125 0.328125 0.50625 0.384375 0.50625 0.4265625 0.4828125 0.5046875 0.48125 0.5484375 0.4859375 0.559375 0.5234375 0.584375 0.534375 0.6171875 0.4890625 0.6671875 0.5484375 0.6734375 0.55625 0.6703125 0.5703125 0.6375 0.6109375 0.6046875 0.596875 0.546875 0.5984375 0.5109375 0.578125 0.440625 0.5734375 0.3953125 0.6921875 0.3390625 0.803125 0.2953125 0.8140625 0.2890625 0.8171875 0.2734375 0.815625 0.25625 0.803125 0.246875 0.55 0.1875 0.521875 0.1875 0.28125 0.240625 0.271875 0.246875 0.2671875 0.2796875
0 0.69375 0.2265625 0.8140625 0.2515625 0.8203125 0.275 0.825 0.275 0.828125 0.2421875 0.834375 0.2359375 0.8734375 0.2296875 0.8734375 0.2140625 0.8453125 0.1984375 0.796875 0.1953125 0.73125 0.2015625 0.6796875 0.215625 0.69375 0.2265625
0 0.196875 0.4125 0.2125 0.4234375 0.2484375 0.425 0.3453125 0.478125 0.3546875 0.471875 0.3609375 0.4546875 0.3578125 0.40625 0.396875 0.390625 0.4078125 0.40625 0.4 0.45 0.4640625 0.4734375 0.478125 0.471875 0.4984375 0.4515625 0.4890625 0.4140625 0.5 0.390625 0.4984375 0.378125 0.378125 0.325 0.3515625 0.3203125 0.2046875 0.3734375 0.1921875 0.3890625 0.196875 0.4125
0 0.253125 1 0.1640625 0.8703125 0.1265625 0.8296875 0.109375 0.8265625 0 0.8859375 0 1 0.253125 1
0 0.6078125 0.4234375 0.6171875 0.44375 0.634375 0.4546875 0.6375 0.5015625 0.6421875 0.50625 0.65625 0.5015625 0.6890625 0.471875 0.6875 0.4265625 0.6984375 0.4109375 0.7203125 0.4140625 0.728125 0.421875 0.7265625 0.48125 0.7453125 0.5140625 0.828125 0.4640625 0.875 0.4515625 0.90625 0.4265625 0.9015625 0.40625 0.88125 0.390625 0.725 0.3328125 0.70625 0.3328125 0.625 0.3671875 0.6078125 0.38125 0.6078125 0.4234375
0 0.996875 0.2703125 1 0.2203125 0.9890625 0.2203125 0.965625 0.2265625 0.9640625 0.246875 0.996875 0.2703125
0 1 0.303125 0.9328125 0.3 0.8171875 0.2796875 0.8109375 0.290625 0.728125 0.3296875 0.7609375 0.3484375 0.8109375 0.3625 0.821875 0.3609375 0.8203125 0.3484375 0.8421875 0.3484375 0.9140625 0.3625 0.9234375 0.4 0.9234375 0.4265625 0.9109375 0.4453125 0.915625 0.4609375 0.925 0.471875 0.959375 0.484375 0.9875 0.5046875 0.9921875 0.4671875 0.9875 0.446875 1 0.428125 1 0.303125
0 0.109375 0.4875 0.1515625 0.528125 0.15625 0.5921875 0.1765625 0.6234375 0.1765625 0.634375 0.1640625 0.65 0.171875 0.7234375 0.1859375 0.7390625 0.2 0.74375 0.23125 0.73125 0.246875 0.715625 0.26875 0.709375 0.284375 0.7125 0.30625 0.7390625 0.30625 0.75 0.290625 0.76875 0.2859375 0.7875 0.290625 0.8390625 0.3125 0.8625 0.3234375 0.865625 0.3890625 0.80625 0.4484375 0.7625 0.4484375 0.721875 0.434375 0.7078125 0.4359375 0.690625 0.5203125 0.6375 0.5375 0.6171875 0.5359375 0.60625 0.515625 0.575 0.4703125 0.5484375 0.2578125 0.4296875 0.2390625 0.421875 0.21875 0.421875 0.128125 0.4515625 0.1125 0.4671875 0.109375 0.4875
0 0.56875 0.6375 0.559375 0.65625 0.5640625 0.678125 0.6203125 0.7296875 0.621875 0.7578125 0.60625 0.7734375 0.609375 0.7953125 0.6 0.8078125 0.60625 0.8328125 0.70625 0.928125 0.7296875 0.9421875 0.765625 0.9078125 0.778125 0.8859375 0.7765625 0.84375 0.7671875 0.8078125 0.796875 0.759375 0.7953125 0.715625 0.81875 0.7 0.8421875 0.7390625 0.8609375 0.7421875 0.9015625 0.765625 0.9171875 0.765625 0.934375 0.746875 0.94375 0.725 0.9390625 0.696875 0.94375 0.678125 0.9328125 0.6578125 0.959375 0.6171875 0.9640625 0.5859375 0.959375 0.5625 0.9875 0.528125 0.990625 0.4890625 0.978125 0.4828125 0.9453125 0.4828125 0.8828125 0.459375 0.8515625 0.4546875 0.809375 0.475 0.5953125 0.6140625 0.56875 0.6375