3 0.0640625 0.2015625 0.0859375 0.328125 0.1015625 0.346875 0.1171875 0.43125 0.1203125 0.4828125 0.1453125 0.6 0.1703125 0.8046875 0.184375 0.8625 0.2078125 0.8671875 0.225 0.8578125 0.225 0.8265625 0.175 0.509375 0.1515625 0.303125 0.1125 0.065625 0.103125 0.053125 0.0828125 0.0515625 0.065625 0.0625 0.0578125 0.0984375 0.0640625 0.2015625
3 0.1671875 0.184375 0.1828125 0.3328125 0.1875 0.34375 0.196875 0.34375 0.2 0.3578125 0.2453125 0.8625 0.2515625 0.884375 0.271875 0.890625 0.2921875 0.88125 0.2953125 0.8625 0.253125 0.36875 0.24375 0.3171875 0.225 0.06875 0.215625 0.0578125 0.1984375 0.05625 0.1765625 0.071875 0.16875 0.103125 0.1671875 0.184375
3 0.24375 0.3046875 0.25625 0.3625 0.3 0.9015625 0.30625 0.9109375 0.325 0.9140625 0.3453125 0.9015625 0.334375 0.621875 0.2921875 0.084375 0.278125 0.071875 0.2640625 0.0703125 0.2421875 0.084375 0.234375 0.1140625 0.24375 0.3046875
3 0.309375 0.309375 0.33125 0.50625 0.3453125 0.8984375 0.35625 0.9125 0.3796875 0.9125 0.3953125 0.903125 0.3953125 0.834375 0.371875 0.1015625 0.3703125 0.0859375 0.3609375 0.075 0.3375 0.071875 0.31875 0.0890625 0.3078125 0.1375 0.309375 0.309375
3 0.38125 0.35625 0.3921875 0.375 0.3953125 0.9 0.4015625 0.915625 0.4296875 0.91875 0.4421875 0.9125 0.4453125 0.8734375 0.45 0.096875 0.4390625 0.0796875 0.415625 0.0765625 0.3984375 0.0890625 0.3828125 0.15 0.38125 0.35625
3 0.45 0.3296875 0.44375 0.9015625 0.4453125 0.9125 0.4546875 0.9203125 0.4859375 0.91875 0.49375 0.9 0.5078125 0.4171875 0.5046875 0.365625 0.5109375 0.346875 0.5203125 0.353125 0.5234375 0.3453125 0.528125 0.225 0.528125 0.1390625 0.5203125 0.1046875 0.503125 0.08125 0.478125 0.075 0.4609375 0.0859375 0.4578125 0.103125 0.45 0.3296875
3 0.5203125 0.365625 0.5078125 0.384375 0.50625 0.496875 0.5109375 0.5 0.5125 0.53125 0.49375 0.9125 0.5015625 0.925 0.5171875 0.928125 0.5390625 0.9234375 0.54375 0.890625 0.578125 0.409375 0.5796875 0.2703125 0.5953125 0.1234375 0.5921875 0.09375 0.5765625 0.0828125 0.5578125 0.0828125 0.54375 0.0984375 0.525 0.340625 0.5203125 0.365625
3 0.575 0.3390625 0.584375 0.36875 0.5703125 0.4875 0.5421875 0.8953125 0.54375 0.9375 0.5671875 0.946875 0.58125 0.946875 0.5875 0.940625 0.596875 0.878125 0.6625 0.1828125 0.6625 0.1125 0.6484375 0.0984375 0.625 0.096875 0.6046875 0.1140625 0.59375 0.1453125 0.575 0.3390625
3 0.6390625 0.390625 0.5953125 0.8625 0.59375 0.915625 0.6015625 0.9234375 0.621875 0.928125 0.6359375 0.925 0.6421875 0.909375 0.6890625 0.475 0.7046875 0.415625 0.7015625 0.3765625 0.715625 0.35 0.734375 0.209375 0.734375 0.1359375 0.7234375 0.0921875 0.709375 0.0796875 0.690625 0.078125 0.6765625 0.0859375 0.6703125 0.1203125 0.6390625 0.390625
3 0.65 0.8390625 0.6421875 0.9375 0.659375 0.9484375 0.6828125 0.9453125 0.6921875 0.909375 0.753125 0.5046875 0.7609375 0.4859375 0.7640625 0.4234375 0.8 0.2328125 0.8046875 0.134375 0.7890625 0.1109375 0.7671875 0.10625 0.7515625 0.1140625 0.7484375 0.1265625 0.65 0.8390625
3 0.8 0.246875 0.7703125 0.4109375 0.7625 0.496875 0.7515625 0.5328125 0.696875 0.8703125 0.690625 0.934375 0.71875 0.9484375 0.7296875 0.946875 0.7359375 0.9375 0.75 0.878125 0.871875 0.140625 0.871875 0.125 0.8578125 0.1109375 0.8328125 0.1078125 0.8234375 0.1140625 0.8078125 0.1453125 0.8 0.246875
3 0.784375 0.9015625 0.7796875 0.965625 0.809375 0.98125 0.8234375 0.975 0.8375 0.9234375 0.840625 0.859375 0.90625 0.515625 0.921875 0.44375 0.9375 0.421875 0.96875 0.24375 0.9703125 0.2 0.9625 0.1546875 0.9484375 0.1421875 0.9265625 0.1390625 0.915625 0.1453125 0.9109375 0.159375 0.784375 0.9015625