3 1 0.2509695890625 0.904732034375 0.22443909843749998 0.77654975625 0.203119375 0.7546329296875001 0.2116802921875 0.6689318937500001 0.1984528859375 0.6180771734375 0.1842907203125 0.49826837187499995 0.16904084531250002 0.2934139546875 0.12473987187499999 0.2338996125 0.118852934375 0.2238044515625 0.139475853125 0.22885444375000003 0.1588532359375 0.2592278765625 0.169228628125 0.57933508125 0.22722316718750002 0.7853388953125 0.2735215234375 1 0.31097575625 1 0.2509695890625
3 1 0.37134504062499996 0.9756668359375 0.3561887953125 0.8970651843749999 0.3277341625 0.74909860625 0.2932372046875 0.737360075 0.2940416625 0.735144415625 0.302913353125 0.72073781875 0.30120165781249997 0.2194978359375 0.176518925 0.19675932499999998 0.1751706125 0.1858840453125 0.1923175296875 0.1901954828125 0.21465214375000002 0.20768099062499998 0.22383460937500002 0.6975517203125 0.3478431859375 0.7498835453125 0.3560908921875 0.9957836656250001 0.42083187187500004 1 0.41911193906250005 1 0.37134504062499996
3 0.432324528125 0.340690503125 0.9647180656250001 0.4792246265625 0.9801909265625 0.47006724687499996 0.9850330859374999 0.45727848125000004 0.9765349078125001 0.43190894375 0.9495265281249999 0.4146592453125 0.76203291875 0.360241046875 0.7028878546875 0.3528754953125 0.16860636874999999 0.215301215625 0.1580172328125 0.21810305937500002 0.1505485734375 0.23480890156249998 0.1578973546875 0.25818105468749997 0.432324528125 0.340690503125
3 0.2113833953125 0.32780383125 0.92917958125 0.548927534375 0.9447355765625 0.5526366140625 0.9575819359375 0.5473963109375 0.966158425 0.5262546218749999 0.9538843531250001 0.5028047765625 0.9093904625 0.47637261249999996 0.7419672953124999 0.420786575 0.5454447906250001 0.376122221875 0.1609346984375 0.25921859375 0.14468171875 0.2648999734375 0.139142571875 0.2870792 0.1445618390625 0.3049779703125 0.2113833953125 0.32780383125
3 0.1615997578125 0.36215027499999997 0.9152717796875001 0.6244145999999999 0.9345621015625 0.6197707593749999 0.943138590625 0.598629071875 0.9350512562500001 0.5782141484375 0.8795158234375 0.5431959828124999 0.67942043125 0.473239784375 0.6586114359375 0.47736485625 0.1475991828125 0.306015509375 0.130935359375 0.3067422734375 0.1212510421875 0.3323198078125 0.12437151875 0.3462238078125 0.1615997578125 0.36215027499999997
3 0.59028085 0.5727755984375 0.64113556875 0.5869377625000001 0.657882525 0.5990774578125 0.649592178125 0.605874071875 0.656446984375 0.61142515 0.7722768796875 0.655806253125 0.8558038234374999 0.684338578125 0.8910609828125 0.6883584328125 0.9179031 0.6798752109375 0.9298862078125 0.658292446875 0.923317546875 0.6383962921874999 0.9073507093750001 0.629732596875 0.6889896921875 0.5471179328125 0.13463294374999998 0.351333809375 0.12363296406249999 0.3491810359375 0.11382394843750002 0.3554588796875 0.10795709375 0.3855499515625 0.124334771875 0.39916826250000004 0.59028085 0.5727755984375
3 0.09818964218750001 0.3982610265625 0.0914595359375 0.4120096375 0.09084568125 0.43426655781249995 0.1216299578125 0.449596565625 0.5812567718749999 0.6419071265625 0.7160492781250001 0.689556234375 0.8551116578125001 0.7531067250000001 0.8847049734375 0.7600061171875 0.8990284390625 0.748851353125 0.9034597546875001 0.731107971875 0.891596525 0.7126127390625 0.6606337250000001 0.6144600734375001 0.6374428046875 0.6017239156249999 0.6221729546875 0.5836697578125001 0.5131978671875 0.5448397328125 0.5090526953125 0.548238040625 0.4783099828125 0.5393412640624999 0.1121853984375 0.39501810625 0.09818964218750001 0.3982610265625
3 0.05809514375 0.4664076234375 0.062692725 0.4743971625 0.1212239359375 0.5040196359375 0.7815232484375 0.7969739328125 0.8498634765625 0.8203185640624999 0.8668550093749999 0.8116799531250001 0.8739128265625 0.7900194968750001 0.8620080296875001 0.7650910343749999 0.8342195296874999 0.7443653359375 0.6503355515625 0.6622945265625 0.6192651312499999 0.6613095953125 0.5071695671875001 0.6085755734375 0.11744322031250001 0.446561640625 0.07606980625000001 0.43403347812500004 0.06141863125 0.4531000875 0.05809514375 0.4664076234375
3 0.0801414859375 0.5365240828125 0.49125393749999996 0.7251004812499999 0.5452707 0.7595998765624999 0.58397604375 0.7696118843749999 0.6064699765625 0.791738503125 0.7387191171875 0.856171146875 0.8100966875 0.880553315625 0.8552044296875 0.884728559375 0.870677290625 0.8755711796875 0.8766272796875001 0.8583465671875 0.8723574078125 0.8424451828124999 0.8404237359375 0.8251177921874999 0.5850790546875 0.7057983531249999 0.13677993125000001 0.5077287171875 0.08551436875 0.4886119375 0.0760746265625 0.49341116406249996 0.06671801875 0.5110768515624999 0.066431875 0.525421928125 0.0801414859375 0.5365240828125
3 0.463636521875 0.7894853890625 0.5236448390625 0.8131934031249999 0.7004294343749999 0.9104914390625 0.7949979234375 0.9476097687499999 0.8214707625000001 0.940605159375 0.8311966468750001 0.9214608578125001 0.8272960515625 0.9040808578125 0.8158852296875001 0.8969734703125001 0.14663533281250002 0.567261790625 0.052805396875 0.5271862328125 0.038112653125 0.5398196109375 0.035610851562500004 0.563036378125 0.06832464375 0.58383976875 0.4472588421875 0.7758670796875 0.463636521875 0.7894853890625
3 0.8074626625000001 1 0.8141683687500001 0.9830439234374999 0.8103093390625 0.9720971531249999 0.78362866875 0.9469356109374999 0.6867613875 0.9058225125 0.53431710625 0.8232580203125 0.45263654375 0.7873326171875 0.420292028125 0.7650506109374999 0.10518360625 0.601244853125 0.044395173437500005 0.574060840625 0.024080153125 0.5960069875 0.0230138890625 0.6068760625 0.0306488140625 0.615903140625 0.085034853125 0.6489239203125 0.7556333125 1 0.8074626625000001 1
3 0.67033034375 1 0.054130696874999995 0.6736719109375 0.0153000109375 0.65735085625 0.01662513125 0.7142834312499999 0.0203138953125 0.71668205 0.081840884375 0.740908834375 0.4004390578125 0.9171399750000001 0.46660519375 0.955789528125 0.48417383437500006 0.9778384546875 0.5255788390625 1 0.67033034375 1