1 0.5329962046875 0.8426342734375 0.49079191875 0.8332016281250001 0.1110341984375 0.7342859140625 0.09904801875 0.740525834375 0.09724907499999999 0.7821861218749999 0.12316185937499999 0.7936166234375001 0.383805665625 0.85526535625 0.555472809375 0.909341565625 0.6171622171875 0.9035652484375 0.657789909375 0.8860616609375 0.7103027203125001 0.849809203125 0.7516378640625 0.7997229953125 0.7957825875 0.712920725 0.8177741046874999 0.623468853125 0.8064145234375 0.611148046875 0.782886846875 0.6065801078125 0.7759336484375 0.6110103171875 0.7366602015625 0.7240466624999999 0.70100485 0.780293271875 0.6644197109375 0.8175737625 0.629835640625 0.8382118640625 0.5998196578125 0.8475571937499999 0.5329962046875 0.8426342734375
1 0.6453591328125 0.1884777953125 0.485051571875 0.146722390625 0.46097814843749996 0.146693284375 0.331151459375 0.1050756109375 0.18119284062500002 0.0706967875 0.1707024015625 0.117894834375 0.174461978125 0.126675734375 0.45598558437500003 0.20156468125 0.6570421109375 0.2648562875 0.707149590625 0.3153556875 0.7464634421875 0.3755262890625 0.7665549390625 0.43537101875 0.7752868546875 0.48289494062499994 0.7802187609375 0.588721540625 0.7858985515625 0.59488194375 0.8111645281250001 0.59834233125 0.8205836859375 0.5867527921875 0.819492209375 0.47568519687500005 0.7989156093750001 0.37982656718749996 0.7674645296875 0.30766103437500003 0.723481525 0.2462742546875 0.6902315046874999 0.2157690078125 0.67228255625 0.2048525234375 0.6595687156250001 0.2171442234375 0.655344246875 0.19888026406249998 0.6453591328125 0.1884777953125
1 0.6799633843749999 0.43466105781250003 0.7203889515624999 0.3921395734375 0.7393283296875001 0.3814694421875 0.7421581203125001 0.3712842234375 0.6961538390625 0.3000089921875 0.6672091390625 0.27374581249999996 0.65768891875 0.272826403125 0.65718359375 0.330426921875 0.63923463125 0.43965569687499995 0.6455612296875 0.453786215625 0.65746655625 0.4615681859375 0.669270821875 0.456841209375 0.6799633843749999 0.43466105781250003
1 0.7139006046875 0.7664886265625 0.740318715625 0.7203186125000001 0.7566708609374999 0.6777680203124999 0.7635027859375 0.6342980203125 0.760551721875 0.60544345 0.6832782640625 0.5806350015625 0.67476868125 0.58465981875 0.6746069765625 0.61270360625 0.655586746875 0.6373956296875 0.6521303578125 0.6661415765625 0.6572846125 0.7033716546875 0.6921314375 0.7873439765625 0.7139006046875 0.7664886265625
1 0.5993750171875 0.504169190625 0.61722291875 0.38243146562499997 0.6289463453125 0.2715811203125 0.6253686828125 0.2612872765625 0.20651944531250002 0.1537496984375 0.170197075 0.175495353125 0.1398980875 0.41413520156250005 0.1453959640625 0.4218085484375 0.1732289625 0.4306185546875 0.5854888328125 0.5395604515625 0.5993750171875 0.504169190625
1 0.6316547906250001 0.82308241875 0.6869165390624999 0.7906666343750001 0.690292075 0.77594258125 0.6838644140625 0.7493031140624999 0.654353759375 0.7010479265625 0.6440048171874999 0.693671346875 0.6354750250000001 0.671165321875 0.6180920328124999 0.6822408453125 0.616111175 0.7254140765625 0.597879234375 0.8236468484374999 0.60667179375 0.830618034375 0.6316547906250001 0.82308241875
1 0.76447300625 0.5861805625 0.775246421875 0.5499785187499999 0.7770453640625 0.5083182296875 0.7699506859375 0.44717780625000003 0.761137915625 0.4136757765625 0.7439974828125 0.38268562031250003 0.7014697859375 0.42934054687499995 0.657102725 0.4645940765625 0.666683575 0.5451060125 0.6806101796874999 0.562776434375 0.76447300625 0.5861805625
1 0.5071642734374999 0.817181878125 0.551874953125 0.7523716171875 0.5692983796875 0.6742125171875 0.572229246875 0.556390984375 0.141656596875 0.43955849062499996 0.13415765468750002 0.448527534375 0.1256076390625 0.519635928125 0.1175629359375 0.6532890671875 0.10852781874999999 0.688383559375 0.1110139875 0.7077550718750001 0.1209991015625 0.7181575390625 0.5071642734374999 0.817181878125
1 0.6615697390624999 0.5609376171875 0.6672293203125 0.540567178125 0.65766868125 0.486586084375 0.6418218625 0.4715361578125 0.6292495046875 0.549398490625 0.6615697390624999 0.5609376171875
1 0.5986877625 0.6834279140625 0.6057218125 0.6649758125 0.6159899171875 0.5662290234375 0.5974952234375001 0.559851371875 0.57479625625 0.6818858640625 0.5986877625 0.6834279140625
1 0.6327261171874999 0.4270381234375 0.63729420625 0.415745353125 0.652474021875 0.2761490609375 0.63242294375 0.2693660171875 0.6104718453125 0.411879571875 0.6327261171874999 0.4270381234375
1 0.6467941875000001 0.6304244437500001 0.6593059046875 0.5931148453125 0.6519686671875 0.5740401015625001 0.6288048203125001 0.5664462734375 0.6175260765624999 0.6602488359375001 0.6467941875000001 0.6304244437500001
1 0.61689950625 0.43851903906249995 0.6079452437499999 0.4595916390625 0.601780334375 0.5375625953125 0.5925430921875 0.5476391921875 0.6195473687499999 0.5499920265625 0.6292899359375 0.48231491406250004 0.6317356875 0.448624740625 0.61689950625 0.43851903906249995
1 0.5897132734375 0.798114934375 0.5824770984375001 0.7915491390625 0.5833866750000001 0.7839844171875 0.5911685953125 0.786011378125 0.594726046875 0.7697743796875 0.6022654234375 0.6937217578125 0.5934728640625 0.686750571875 0.584599453125 0.693801278125 0.5849834921875 0.71730623125 0.57273454375 0.739080990625 0.5632749546875 0.81775410625 0.5696015531249999 0.831884625 0.5839728390625 0.8325072656250001 0.5897132734375 0.798114934375