1 0.5140625 0.259375 0.6375 0.284375 0.703125 0.3125 0.75 0.34375 0.7796875 0.375 0.796875 0.403125 0.809375 0.46875 0.8109375 0.5109375 0.8109375 0.8921875 0.8203125 0.903125 0.8625 0.9 0.8671875 0.8734375 0.8609375 0.6125 0.8703125 0.4390625 0.8484375 0.3796875 0.8203125 0.3421875 0.7703125 0.2953125 0.709375 0.2609375 0.6109375 0.228125 0.515625 0.2171875 0.50625 0.2296875 0.5078125 0.253125 0.5140625 0.259375
1 0.2125 0.303125 0.1625 0.353125 0.140625 0.3890625 0.134375 0.4078125 0.15 0.41875 0.1328125 0.425 0.125 0.4359375 0.125 0.596875 0.13125 0.6203125 0.1234375 0.7515625 0.128125 0.9015625 0.178125 0.90625 0.1859375 0.9015625 0.1875 0.61875 0.1984375 0.415625 0.2359375 0.3609375 0.2859375 0.315625 0.340625 0.2890625 0.3859375 0.275 0.490625 0.2578125 0.4953125 0.2515625 0.4921875 0.2265625 0.478125 0.21875 0.3671875 0.2328125 0.2765625 0.2640625 0.2125 0.303125
1 0.20625 0.4140625 0.2640625 0.4078125 0.378125 0.4125 0.390625 0.4046875 0.3953125 0.3921875 0.3875 0.38125 0.3625 0.3734375 0.309375 0.3390625 0.29375 0.321875 0.2828125 0.3203125 0.2234375 0.3734375 0.2046875 0.4046875 0.20625 0.4140625
1 0.5140625 0.3609375 0.5421875 0.3578125 0.571875 0.3734375 0.6015625 0.3734375 0.6375 0.3640625 0.7125 0.3203125 0.6859375 0.3015625 0.6328125 0.28125 0.5859375 0.2703125 0.540625 0.26875 0.5125 0.275 0.5078125 0.353125 0.5140625 0.3609375
1 0.2046875 0.8671875 0.2359375 0.9 0.4828125 0.9015625 0.4890625 0.8953125 0.490625 0.8671875 0.4921875 0.453125 0.453125 0.44375 0.3265625 0.440625 0.2125 0.4421875 0.203125 0.446875 0.2046875 0.8671875
1 0.63125 0.378125 0.6109375 0.3890625 0.6265625 0.4046875 0.6703125 0.4015625 0.7734375 0.4078125 0.778125 0.3984375 0.7640625 0.375 0.7171875 0.325 0.7015625 0.3234375 0.6765625 0.3328125 0.6359375 0.3671875 0.63125 0.378125
1 0.3203125 0.296875 0.29375 0.3171875 0.3515625 0.353125 0.3984375 0.3921875 0.4765625 0.3734375 0.490625 0.3578125 0.4921875 0.2734375 0.453125 0.2671875 0.4109375 0.2703125 0.3515625 0.284375 0.3203125 0.296875
1 0.51875 0.903125 0.5921875 0.903125 0.728125 0.8953125 0.765625 0.9 0.784375 0.8953125 0.7921875 0.884375 0.790625 0.496875 0.7140625 0.4609375 0.63125 0.453125 0.5125 0.4640625 0.5078125 0.896875 0.51875 0.903125
1 0.490625 0.409375 0.49375 0.3765625 0.471875 0.3734375 0.4203125 0.3890625 0.409375 0.40625 0.490625 0.409375
1 0.6375 0.446875 0.6328125 0.4234375 0.6125 0.41875 0.5109375 0.4203125 0.509375 0.4390625 0.6375 0.446875
1 0.3578125 0.44375 0.3671875 0.4203125 0.3546875 0.4171875 0.2109375 0.41875 0.209375 0.4390625 0.3578125 0.44375
1 0.6046875 0.4078125 0.5671875 0.3828125 0.5265625 0.375 0.509375 0.384375 0.5078125 0.4078125 0.6046875 0.4078125
1 0.40625 0.440625 0.4859375 0.4375 0.4984375 0.4453125 0.49375 0.41875 0.4234375 0.4171875 0.3890625 0.41875 0.3828125 0.434375 0.40625 0.440625
1 0.646875 0.4359375 0.6703125 0.4328125 0.6953125 0.4421875 0.7765625 0.4421875 0.7890625 0.434375 0.7859375 0.4203125 0.75 0.41875 0.7453125 0.4265625 0.7375 0.4265625 0.7375 0.41875 0.7203125 0.4171875 0.6421875 0.41875 0.6375 0.428125 0.646875 0.4359375