3 0.59457613125 0.55622074375 0.5765828921875 0.5580263703125 0.5655042375 0.5663262312499999 0.5717584859375 0.61384543125 0.6000432609375 0.6082945484375 0.6060100453125 0.592370175 0.6035219046875 0.569563640625 0.59457613125 0.55622074375
3 0.6115361625 0.699908615625 0.5992134375 0.6968052109375 0.5721727328124999 0.713759359375 0.57361138125 0.7426387046875 0.5879652953125001 0.75259076875 0.6051714140625 0.7553397515625 0.6165124421875 0.7455216859375 0.61966091875 0.727303259375 0.6115361625 0.699908615625
3 0.5366682968750001 0.7982902609375 0.557149675 0.8192911703125001 0.5692100265625 0.823912778125 0.5891415703125 0.782988315625 0.5707252781250001 0.7593389296875 0.5553218703125 0.755459671875 0.5366682968750001 0.7982902609375
3 0.6472866890625 0.474438821875 0.6333219296875 0.49943890937499996 0.6311890484375 0.5210816671875 0.660912471875 0.5444101296875 0.6737938406249999 0.534979990625 0.68339995 0.5072979234375 0.6706202734375 0.48823664375 0.6472866890625 0.474438821875
3 0.6357524125 0.178442290625 0.6318507140625 0.1917181875 0.6417442875 0.22747969218750003 0.6504615859375 0.2328436515625 0.6785178843749999 0.2193138328125 0.6863212812499999 0.19276204218749998 0.673313128125 0.1657218234375 0.6357524125 0.178442290625
3 0.6476595609375 0.3699702875 0.6387137875 0.35662739062500004 0.6256039437500001 0.3580785921875 0.60164391875 0.37580859218749996 0.6043266375 0.41609120468749994 0.6125191890624999 0.4244915671875 0.64414701875 0.4181983359375 0.6534568578125 0.401531609375 0.6476595609375 0.3699702875
3 0.25819946875 0.13088619375 0.2527662359375 0.0693152484375 0.2399526625 0.0597511078125 0.220156709375 0.0626870109375 0.21088077031250002 0.0698565953125 0.20904415781250002 0.08048401250000001 0.2165085796875 0.1489036171875 0.2221451953125 0.1534917265625 0.25478861875000003 0.1506228234375 0.25819946875 0.13088619375
3 0.7040094421875 0.276430671875 0.6916867171875001 0.273327265625 0.6638927906250001 0.28533888281249997 0.6719158546874999 0.34122494375 0.6871836703125 0.383092759375 0.69898165 0.3892325703125 0.713894209375 0.38665109062499997 0.722450825 0.36504183437500004 0.7040094421875 0.276430671875
3 0.13650374999999998 0.174698978125 0.1207701765625 0.1913322015625 0.121227128125 0.2072900765625 0.174148546875 0.2824049203125 0.20141772656249998 0.2734297078125 0.20761298749999998 0.265484271875 0.1542346171875 0.1744115515625 0.13650374999999998 0.174698978125
3 0.6806908109375 0.69039205625 0.664762659375 0.689549203125 0.6062032937499999 0.89818476875 0.605873125 0.9186972499999999 0.6153436453125 0.9290037421875 0.6317965437499999 0.9268101906249999 0.6390412953125 0.91279194375 0.69835388125 0.7090989109375 0.6806908109375 0.69039205625
3 0.227924878125 0.33397087812500004 0.19944552499999998 0.3220456828125 0.189120090625 0.335288078125 0.107607490625 0.6395368890625 0.10599935468749999 0.6581432421875 0.12471191875000001 0.6707772875 0.140640071875 0.671620140625 0.23405234218749998 0.3450197203125 0.227924878125 0.33397087812500004
3 0.466596903125 1 0.6212378171874999 0.141517009375 0.6299300234375 0.0819191921875 0.6238025609375 0.07087035 0.5017404609375 0.03801961875 0.33743190312500004 0.0255690609375 0.210767609375 0.7494839640625 0.1776747125 0.950274596875 0.18150861406250002 0.95599298125 0.37340795312499997 1 0.466596903125 1