0 1 0.5919567640625 0.9801633765625001 0.604821178125 0.9625290625 0.637406634375 0.9605633796875 0.6711730515625 0.9724827546875 0.724414465625 0.98323773125 0.743343821875 1 0.753748753125 1 0.5919567640625
0 0.1975115921875 0.8792478109375 0.2555456234375 0.8785114796875 0.2635165203125 0.8674976734375001 0.2590763484375 0.8450178812500001 0.22799403749999997 0.820994628125 0.14996046875 0.78878678125 0.1456113484375 0.7585708 0.16042516406250001 0.69913665625 0.09951600000000001 0.6776660156250001 0.1003708171875 0.7382811203124999 0.0921995984375 0.76631454375 0.07960641874999999 0.7703209390625 0.044451178125000004 0.7631972609375001 0.049160712499999995 0.8440568359375 0.1130175328125 0.8629683046875 0.1975115921875 0.8792478109375
0 0.5484667265625001 0.507861575 0.5438990765625 0.49621244999999997 0.5066294421875 0.464908965625 0.49605657656249996 0.43050722812500003 0.5420255453125 0.38890738593749996 0.4826267921875 0.37235128125 0.4747651609375 0.37408165625 0.4602973515625 0.404118278125 0.4192238296875 0.4295169625 0.4326354046875 0.489220146875 0.4306515125 0.524533803125 0.4501775671875 0.597706171875 0.4543445765625 0.6433945359375 0.33474578906249997 0.6783608 0.22311789843750002 0.7023132578125 0.2120897609375 0.706592471875 0.20877756875000003 0.7215192125 0.21014229062499998 0.7388116499999999 0.22255336250000002 0.7502776375 0.47539815625 0.85326949375 0.5035689140625 0.8581802484375001 0.74520455625 0.8475884078125 0.7546676531250001 0.8430363734374999 0.759745209375 0.8113628343749999 0.748917390625 0.7986224296875 0.6444966359375 0.7432097890625 0.5215139078125001 0.6659564546875 0.522005603125 0.6241810265625001 0.5463917781250001 0.550911421875 0.5484667265625001 0.507861575
0 0.15192615 0.7550203640625 0.151744040625 0.7704927453125 0.1797326875 0.7908758812500001 0.22821256875 0.8024277718749999 0.294017178125 0.8076972515625 0.3458274640625 0.8027751640625 0.3318695625 0.7894891187499999 0.2116527 0.743726184375 0.20566569375000002 0.719426334375 0.20097056875 0.718607875 0.1974580546875 0.750554234375 0.19112504375 0.7556519078124999 0.15192615 0.7550203640625
0 0.670447853125 0.670213003125 0.63113969375 0.6788648890625 0.6203665093749999 0.66148276875 0.6287016249999999 0.619524203125 0.5648080656250001 0.5851300203124999 0.5507044750000001 0.58422188125 0.5301221875000001 0.6007893171875 0.5390753765625 0.6395599484375001 0.5278469203125 0.66085878125 0.529266275 0.6735095046875 0.649155340625 0.747122725 0.675706421875 0.756402375 0.82343954375 0.7294413453125 0.8361419890624999 0.716151521875 0.8317200265625001 0.6921244921875 0.8161970828125 0.678565628125 0.7802193265625 0.670743534375 0.6838058921875 0.6012226125 0.674342796875 0.6057746453124999 0.667882309375 0.6217029843749999 0.670447853125 0.670213003125
0 1 0.13850410468750002 0.78222581875 0.1005414734375 0.8699217078125001 0.2445129609375 0.9070092328125 0.2912888265625 0.9241882734375 0.29738431875 1 0.2700855828125 1 0.13850410468750002
0 0.3394238 0.54739120625 0.34046072656250004 0.5925339296875001 0.32932332343750004 0.6060965703125001 0.30744915625 0.5991826171875 0.29971500156249997 0.5900823265625 0.30197205781249997 0.5315601015625 0.28357398125 0.49579426406250005 0.20004400625000002 0.5308464328125 0.15294705625 0.5350397421875 0.12135484218749999 0.5543391546875001 0.1258132265625 0.5752717078125 0.1459766640625 0.5942907468749999 0.3018070625 0.6788205359374999 0.32058756875 0.6820943734375 0.40237039374999994 0.6622417656249999 0.4197497546875 0.6513176421875 0.4202414484375 0.609542215625 0.41108793749999994 0.5877912015625 0.39399995312499997 0.5739595171875 0.3914161953125 0.5269967359375001 0.3867757015625 0.5215365624999999 0.372635690625 0.5237228984375 0.3394238 0.54739120625
0 0.061354031249999996 0.7221771953125 0.041010001562499995 0.7041145375 0.043301925000000005 0.74346533125 0.059552246875000006 0.742018471875 0.061354031249999996 0.7221771953125
0 0.2088504125 0.7153302609375001 0.2152380578125 0.7055908718749999 0.2986405578125 0.681369371875 0.26599320625 0.6570733 0.21607575781250002 0.634417921875 0.20510225312500002 0.6340554218750001 0.2065216078125 0.6467061468749999 0.18461101875000002 0.64288666875 0.112782984375 0.616411815625 0.10382979375000001 0.5776411828125 0.1041393796875 0.5513381359375 0.116878246875 0.5349538375 0.1123652296875 0.5186629984375 0.10310245468749998 0.5061954125 0.068817215625 0.487815471875 0.0408832015625 0.462790621875 0.035751014062499996 0.499105875 0.040209396875 0.5200384296875 0.0309801578125 0.5319087640625 0.0386141421875 0.66297920625 0.09327404218749999 0.6750274984375 0.2088504125 0.7153302609375001
0 0.8603846703125001 0.3885892375 0.8464814031250001 0.37066147968749996 0.8324506578124999 0.3635643859375 0.8010041296875 0.3704858953125 0.7851716 0.383230078125 0.7631881671875 0.38559955156250003 0.74757416875 0.379776878125 0.7259731656249999 0.349654353125 0.7261006421875 0.3388236875 0.74196959375 0.322985028125 0.74688325 0.3052366328125 0.7427890859375 0.25335931718750004 0.721151659375 0.22633126875 0.7102327875000001 0.2213270546875 0.6438090062499999 0.2686636671875 0.583827503125 0.30161917968749996 0.5833540203124999 0.34184736875 0.5972755000000001 0.3582278890625 0.5955101390624999 0.3749746875 0.5103786968749999 0.4128485109375 0.4929264921875 0.4299615890625 0.49436405937499994 0.44106507500000003 0.5143453874999999 0.47555649375 0.559422021875 0.5097713140625 0.7708837078124999 0.6644649015625 0.7895731578125 0.6754749296875 0.809918703125 0.6790215859375001 0.90103715 0.6654476125000001 0.9168696796875 0.65270343125 0.9202365046875001 0.633134975 0.8784538546875 0.5855406515625 0.874505375 0.52128543125 0.854524046875 0.4867940125 0.8546515234375001 0.47596334687499997 0.86735396875 0.46267352500000003 0.8603846703125001 0.3885892375
0 0.423010603125 0.2410267390625 0.43254654375 0.23028575468749998 0.42657774843749996 0.204438665625 0.327525925 0.092596678125 0.30421419375 0.07457923749999999 0.2678175859375 0.10234361875 0.255042296875 0.12182239375 0.25611564375 0.163870640625 0.2650870453125 0.201094034375 0.23478670781250002 0.2438748375 0.23584184531250002 0.2874703234375 0.2121841046875 0.29885040625000003 0.18916374687499998 0.25607715781249996 0.170419665625 0.24970884375 0.1300017359375 0.21940695781250003 0.114351315625 0.216678759375 0.09691732187499999 0.23224459843749998 0.0872721171875 0.2522690125 0.0916394484375 0.28093775781249997 0.086725790625 0.29868615468750004 0.0974443421875 0.3207099875 0.07036514375 0.35630023906249997 0.0653058 0.386426540625 0.0697277625 0.41045357187500003 0.041156365625 0.43958205 0.037571009375 0.4777173640625 0.0500185 0.4860888734375 0.0828843828125 0.491818090625 0.1452129015625 0.5259394515625 0.176459109375 0.5360375625 0.21895198593749998 0.5232896031250001 0.4349835171875 0.42296173125000003 0.46186239375 0.4043910984375 0.47147117656250004 0.38746115937500003 0.4670310046875 0.36498136875 0.4112904515625 0.3041009984375 0.4100532046875 0.2759778953125 0.425885734375 0.2632337125 0.423010603125 0.2410267390625